0.0,84.38333908107717,123.54745701529042,0
1.0,84.35602877611137,122.54783001123207,0
2.0,84.14414296610066,121.57053558092147,0
3.0,83.71506949109765,120.66726599046198,0
4.0,83.2236321819184,119.79635303778149,0
5.0,82.63958926981927,118.98463025454403,0
6.0,81.90724291414126,118.3036979412227,0
7.0,81.0666809028132,117.76198260535698,0
8.0,80.30717869983997,117.11147787541353,0
9.0,79.66444697309643,116.34538654441097,0
10.0,79.20595606570616,115.45668744581772,0
11.0,78.69184454449169,114.59896409662257,0
12.0,78.35812390819927,113.65629207682322,0
13.0,77.9735303733265,112.73320604999037,0
14.0,77.73213248194699,111.76277982505746,0
15.0,77.43171982444005,110.80897049651763,0
16.0,76.99577511889183,109.90899704485116,0
17.0,76.64104439217687,108.97402853654498,0
18.0,76.19357197400169,108.07973080369956,0
19.0,75.64013784589531,107.2468378538872,0
20.0,74.98253052577049,106.49347697587571,0
21.0,74.43834853291652,105.65450977827291,0
22.0,73.8434459834526,104.85071194508267,0
23.0,73.38882138796855,103.96002879312515,0
24.0,72.78806963422431,103.16059316071112,0
25.0,72.20321271078275,102.34945668692728,0
26.0,71.53730470456895,101.6034228222399,0
27.0,70.77053172648324,100.96150444730617,0
28.0,69.89818975562693,100.47260825599095,0
29.0,68.94556355227611,100.1684646769211,0
30.0,67.94951951913721,100.07960363906761,0
31.0,66.98611026938107,99.81156890720564,0
32.0,65.99202103446491,99.70300283044214,0
33.0,64.99616367512257,99.79393203281253,0
34.0,64.00086486857055,99.69708015788949,0
35.0,63.01134628886542,99.55267454713162,0
36.0,62.0113859933553,99.5437634639586,0
37.0,61.03559703592057,99.32504924277387,0
38.0,60.03569272137726,99.31121588607046,0
39.0,59.03938769596017,99.39710125344266,0
40.0,58.041394668453,99.46042515925295,0
41.0,57.04472854029375,99.37883699234109,0
42.0,56.050871579710275,99.48950921966028,0
43.0,55.053800422684,99.56598867981978,0
44.0,54.05382636571651,99.558785528289,0
45.0,53.07314004579466,99.75437270046072,0
46.0,52.07843317425362,99.85712599582894,0
47.0,51.12749162798896,100.16649660785886,0
48.0,50.13235851088144,100.26503634215865,0
49.0,49.13606238016115,100.35102482924721,0
50.0,48.14120124963841,100.45227368590749,0
51.0,47.19576456063194,100.77807955921318,0
52.0,46.270290755057566,101.1568911683221,0
53.0,45.40021819063026,101.64981482633712,0
54.0,44.58894376146653,102.23448037225637,0
55.0,43.824159441370725,102.87876675557949,0
56.0,43.10572248432218,103.57435883341451,0
57.0,42.27858787844928,104.13636269796304,0
58.0,41.39238558304226,104.59966118880381,0
59.0,40.46101983123091,104.96374611894082,0
60.0,39.479431326000935,105.15475398893676,0
61.0,38.52709949296962,105.45981804744778,0
62.0,37.63009677128161,105.90184306629209,0
63.0,36.68836345479159,106.23820352861297,0
64.0,35.71029011020421,106.44646426088781,0
65.0,34.710382089257145,106.43290145713217,0
66.0,33.71041794422104,106.44136955268078,0
67.0,32.71053363166794,106.42615898036344,0
68.0,31.735018759116524,106.64609245537575,0
69.0,30.73991430556238,106.74492122910439,0
70.0,29.777103640983523,107.0150982528744,0
71.0,28.824461713171534,107.31919257602867,0
72.0,27.894185858145782,107.68605335828279,0
73.0,26.906779504112976,107.84425794739336,0
74.0,25.930715026938728,108.0617392946362,0
75.0,24.973016042202026,108.34951117414198,0
76.0,24.00787385591617,108.61123729101104,0
77.0,23.08079397521376,108.98610112601891,0
78.0,22.13157810105193,109.30072665619596,0
79.0,21.267752042269148,109.80451683093918,0
80.0,20.47607277855332,110.41545376991272,0
81.0,19.84657893049544,111.19245923659702,0
82.0,19.400143732198025,112.08727520299522,0
83.0,19.031084332639022,113.01668101296046,0
84.0,18.728328797251585,113.96974926119469,0
85.0,18.326964965490046,114.88566796640477,0
86.0,17.762528915232437,115.71114476509119,0
87.0,17.31839305372662,116.60710421535916,0
88.0,16.751355161118248,117.43079592245974,0
89.0,16.0474943637602,118.14113385467404,0
90.0,15.506632720729797,118.9822454305654,0
91.0,14.787665472006363,119.67728938260228,0
92.0,14.07006283792421,120.37374215168168,0
93.0,13.482908083046782,121.18321685408122,0
94.0,13.093227842447286,122.104167075367,0
95.0,12.608185339688537,122.97865765308498,0
96.0,12.159929238844562,123.87256283153299,0
97.0,11.561994294911576,124.67410746711099,0
98.0,10.915183314733095,125.43675781682607,0
99.0,10.422432492637945,126.306928275601,0
100.0,9.945252292418157,127.18573374697574,0
101.0,9.510603145733711,128.08633361333509,0
102.0,9.25439087418954,129.0529541551767,0
103.0,8.867613095406229,129.97512710524597,0
104.0,8.399719987654175,130.85891216945453,0
105.0,7.925859203329919,131.73951194067843,0
106.0,7.380813437501208,132.57791823428087,0
107.0,6.864443986464615,133.43428415492238,0
108.0,6.30531188525418,134.26336273587597,0
109.0,5.694045157150736,135.0547873925008,0
110.0,5.273247852050131,135.9619420805337,0
111.0,4.976785764428917,136.9169867028437,0
112.0,4.701255435883002,137.87827908191022,0
113.0,4.26401993240542,138.77762613088447,0
114.0,4.022330870674493,139.74797987949353,0
115.0,3.6555971093475508,140.6783058160894,0
116.0,3.202618908312308,141.56982740830512,0
117.0,2.562795099993636,142.33834903734922,0
118.0,1.8090977290734143,142.9955706689682,0
119.0,1.226441482235093,143.80828937677572,0
120.0,0.5855995780936059,144.57596225886567,0
121.0,1.326608688420556,143.90446728612764,0
122.0,2.1345453292828376,143.31519792127642,0
123.0,2.9658659935614344,142.75940483644774,0
124.0,3.870432449841956,142.3330721891263,0
125.0,4.812034059381481,141.99634320475968,0
126.0,5.687190616918295,141.51250335542903,0
127.0,6.614379567095663,141.13790937433885,0
128.0,7.4565891254852925,140.59875906157149,0
129.0,8.3434988685221,140.1368163078602,0
130.0,9.207791790147237,139.63382749523242,0
131.0,9.944562709306513,138.95768504524042,0
132.0,10.735470253887819,138.34574938201726,0
133.0,11.543597621383183,137.75674160795566,0
134.0,12.218114293373574,137.01848199291024,0
135.0,13.00223230539455,136.397870243727,0
136.0,13.860157650343789,135.88409587448137,0
137.0,14.73986397562006,135.40857849176132,0
138.0,15.647162995933316,134.988092478036,0
139.0,16.54662898182062,134.55110169983607,0
140.0,17.424789656461044,134.07273590934193,0
141.0,18.199488152173732,133.44040510925348,0
142.0,18.963023753030303,132.79463937291823,0
143.0,19.56478349866206,131.99596221127078,0
144.0,19.985116030324082,131.08859207575463,0
145.0,20.20490870651212,130.11304547025898,0
146.0,20.427830061977595,129.13820903819592,0
147.0,20.546367219446292,128.1452594209951,0
148.0,20.771917748265913,127.17102795006574,0
149.0,21.19562698857519,126.26522969456039,0
150.0,21.74213783440255,125.4277776688341,0
151.0,22.364454677129167,124.64501222040221,0
152.0,23.017065548479493,123.88731897733126,0
153.0,23.787140160548,123.24936514526539,0
154.0,24.672177666676966,122.78384542200436,0
155.0,25.566292922806497,122.33600849994855,0
156.0,26.365833707942265,121.73539670110966,0
157.0,27.061928336451583,121.01744665538192,0
158.0,27.572145945904868,120.15740131297038,0
159.0,28.11409597670115,119.31699060140139,0
160.0,28.673724675942644,118.48824714351754,0
161.0,29.405188460568453,117.80636685213138,0
162.0,30.02981291735161,117.02544157530372,0
163.0,30.739312839590784,116.32073606209795,0
164.0,31.407803728372045,115.57701573051057,0
165.0,31.996367383560212,114.7685648514885,0
166.0,32.409259559566834,113.85778493790207,0
167.0,32.738244948299105,112.91344992637244,0
168.0,32.95473617095961,111.93716536206193,0
169.0,32.949697598063715,110.9371780557509,0
170.0,32.99205745479205,109.93807563730826,0
171.0,33.06764709660725,108.9409366269139,0
172.0,33.337465789396454,107.97802548198851,0
173.0,33.45033204616254,106.98441529278773,0
174.0,33.33618791165991,105.99095109284963,0
175.0,33.01315751113791,105.0445625044048,0
176.0,32.4792708040612,104.19900648378476,0
177.0,31.80377588889762,103.46164183885787,0
178.0,31.02594804323847,102.8331644386936,0
179.0,30.193822332131997,102.27857738428685,0
180.0,29.274259654470054,101.88563402723497,0
181.0,28.307486961862843,101.62999646968717,0
182.0,27.31870097920708,101.48065698896129,0
183.0,26.321391141558163,101.55395833771212,0
184.0,25.331911453992305,101.40928647488258,0
185.0,24.405806231594536,101.03202116101502,0
186.0,23.558196442664443,100.5014011032431,0
187.0,22.73299794347062,99.93655826056182,0
188.0,21.89315918938767,99.39372231191767,0
189.0,20.968394907082345,99.01318187757158,0
190.0,20.072296998257986,98.56932543929383,0
191.0,19.188383634753936,98.10167475147337,0
192.0,18.26810149301984,97.71041936223853,0
193.0,17.28148810774429,97.5473426073189,0
194.0,16.326642182981974,97.2502411768868,0
195.0,15.424808564049748,96.81815770837221,0
196.0,14.616484197948303,96.2294203143104,0
197.0,13.951812232428857,95.4822849997572,0
198.0,13.378121692611627,94.66321286341986,0
199.0,12.769430613898516,93.86980554640351,0
200.0,11.992778039469748,93.23987636099203,0
201.0,11.148628351192539,92.70376881228422,0
202.0,10.229941766737571,92.30878152192861,0
203.0,9.323010297663771,91.8875033354489,0
204.0,8.343170541849881,91.68771831867693,0
205.0,7.408536856536462,91.33210634717223,0
206.0,6.553755628953563,90.81311785696086,0
207.0,5.807936510293807,90.14696934330824,0
208.0,4.979446516781016,89.58696547667054,0
209.0,4.197815195767829,88.96322476290305,0
210.0,3.389916199498068,88.37390378768978,0
211.0,2.47073353144153,87.98007232279082,0
212.0,1.503934526831869,87.72453429296792,0
213.0,0.5052557165502196,87.6731471944467,0
214.0,1.4351668972719338,88.04093136480854,0
215.0,2.418850678680742,88.22083750198365,0
216.0,3.417734890039417,88.26806389606956,0
217.0,4.387687011494426,88.51135976961642,0
218.0,5.38409089485825,88.59609052682707,0
219.0,6.383523458423608,88.56240743188054,0
220.0,7.372670130803071,88.70933891428182,0
221.0,8.327074473631965,89.0078558323775,0
222.0,9.287127802471222,89.28767292582367,0
223.0,10.209429709070351,89.6741430968377,0
224.0,11.015628899013217,90.26578730253523,0
225.0,11.84792193702112,90.82012321052206,0
226.0,12.654737064619088,91.41092719652679,0
227.0,13.509866480926451,91.92934178097231,0
228.0,14.322229865780843,92.51249333155579,0
229.0,15.229732126766557,92.93254052688724,0
230.0,16.162560179874145,93.29286235988589,0
231.0,17.125719568241895,93.56179356409817,0
232.0,18.10564189322234,93.76117319446425,0
233.0,19.0891503329947,93.94203543180679,0
234.0,20.010374128521185,94.33106848767193,0
235.0,20.975957725344095,94.59116138943307,0
236.0,21.974885884938228,94.63744888201887,0
237.0,22.9675899531495,94.7580251357208,0
238.0,23.955818751802244,94.91100827699249,0
239.0,24.879270545080335,95.29472273527035,0
240.0,25.69135574355264,95.87826162036902,0
241.0,26.39511525254829,96.58869990304964,0
242.0,26.909458590964054,97.44628426054885,0
243.0,27.59053574111182,98.17849592089482,0
244.0,28.15034618446704,99.00711662273036,0
245.0,28.86874129103139,99.70275192291602,0
246.0,29.70127169129558,100.25673128411637,0
247.0,30.458427965965207,100.90996506748066,0
248.0,31.238289453953534,101.53591718989308,0
249.0,31.982406820133498,102.20396609929223,0
250.0,32.600371472052665,102.99017198134757,0
251.0,33.060473610824694,103.87803797455679,0
252.0,33.46484470463225,104.79263297699934,0
253.0,33.716346023325144,105.76048993269876,0
254.0,34.01038078395766,106.71628465937378,0
255.0,34.10845545569627,107.71146371801768,0
256.0,34.37635793121926,108.67490975366714,0
257.0,34.75478809433037,109.60053959958164,0
258.0,34.93147140689093,110.58480735129487,0
259.0,35.19830080999586,111.54855112929744,0
260.0,35.51294087958673,112.49776218412552,0
261.0,35.89031816800577,113.42382178381956,0
262.0,36.229381430437996,114.36458535883128,0
263.0,36.42189320221486,115.34588002289877,0
264.0,36.57471277880271,116.33413412838557,0
265.0,36.70777121311085,117.32524232281213,0
266.0,36.87968953534056,118.31035352997695,0
267.0,36.819770804644904,119.30855678869324,0
268.0,36.7463346352471,120.30585670798742,0
269.0,36.67070222764331,121.30299247553367,0
270.0,36.41825965993558,122.27060435537452,0
271.0,36.22616383007593,123.2519805279763,0
272.0,36.12342338295525,124.24668872665843,0
273.0,36.19415577439266,125.24418405436757,0
274.0,36.313752196262136,126.23700664470081,0
275.0,36.48734411472449,127.22182431607179,0
276.0,36.67284841180706,128.20446776909222,0
277.0,36.86202579252558,129.18641069952375,0
278.0,36.98047298730405,130.1793710522313,0
279.0,37.12783581753101,131.16845355448655,0
280.0,37.16325854528314,132.1678259727364,0
281.0,37.05026246599099,133.1614214065346,0
282.0,37.176977309903585,134.15336059233795,0
283.0,37.491656456529554,135.10255869319928,0
284.0,37.845337163095905,136.03792490907557,0
285.0,38.20891009924031,136.96949064486844,0
286.0,38.65927584582527,137.8623348050123,0
287.0,39.21484342644512,138.6938061895856,0
288.0,39.91704407710755,139.40578529476304,0
289.0,40.7273873689415,139.9917407106265,0
290.0,41.43339665500662,140.69994328615826,0
291.0,41.96859190901722,141.54467166858927,0
292.0,42.35252283133511,142.46803348656104,0
293.0,42.866531319069836,143.32581858466935,0
294.0,43.300261573909495,144.22686135060042,0
295.0,43.68522435250608,145.1497934494545,0
296.0,43.855197205466126,146.13524219457352,0
297.0,43.876170614360355,147.13502222844065,0
298.0,43.73205508785806,148.12458309823137,0
299.0,43.42789634530416,149.07720446022574,0
300.0,43.38636384895786,148.07806730660405,0
301.0,43.24727543311843,147.08778733983743,0
302.0,43.24485067572105,146.08779027956598,0
303.0,43.21357919726684,145.0882793518442,0
304.0,43.00706123808925,144.10983654179492,0
305.0,42.61553932183704,143.1896677588566,0
306.0,42.215430047820185,142.2732003187117,0
307.0,41.763369158540456,141.38121323787274,0
308.0,41.328578482807636,140.48068169023225,0
309.0,40.978657126153834,139.54390261053547,0
310.0,40.44402665443664,138.6988166630062,0
311.0,39.94484456359476,137.83231955384613,0
312.0,39.410508988784365,136.98704711640832,0
313.0,38.985005866781854,136.0820901598816,0
314.0,38.68692951117159,135.1275481303061,0
315.0,38.389616867132396,134.17276795052942,0
316.0,37.96661361105025,133.2666397888746,0
317.0,37.424559167162336,132.42629641866137,0
318.0,36.8528643561864,131.6058300615795,0
319.0,36.366121832514935,130.73228457584338,0
320.0,35.69774509952742,129.9884616514851,0
321.0,35.03447496008899,129.24008158619117,0
322.0,34.32991285097342,128.53043925769137,0
323.0,33.77800673835824,127.69653300225374,0
324.0,33.0489822214424,127.01204541746084,0
325.0,32.38127510631213,126.26762133912618,0
326.0,31.80057660194728,125.45350264567391,0
327.0,31.388080811071156,124.54254313915922,0
328.0,30.801043510161577,123.73298325419654,0
329.0,30.3710315729349,122.83016005232224,0
330.0,30.064550221225584,121.87828338958991,0
331.0,29.747428545564212,120.92989852951162,0
332.0,29.439168062093735,119.97859654048261,0
333.0,29.290949587154152,118.98964189860737,0
334.0,29.006103500094845,118.03106863240025,0
335.0,28.665697167511087,117.0907902009041,0
336.0,28.160817635421278,116.22760038511804,0
337.0,27.81061686632587,115.2909257237094,0
338.0,27.363049583388275,114.39667546385824,0
339.0,26.834691565431235,113.54765378871649,0
340.0,26.410694367197756,112.64199028835327,0
341.0,26.138243081757405,111.67982071023208,0
342.0,26.06332885670301,110.68263072889226,0
343.0,25.80561165784616,109.7164103371527,0
344.0,25.53150793851875,108.75471020142905,0
345.0,25.202253224457547,107.81046905994639,0
346.0,24.664437294888714,106.96740676930469,0
347.0,24.12451235265524,106.12569360156037,0
348.0,23.498214218293207,105.34610996467806,0
349.0,22.97678940615697,104.49281273317624,0
350.0,22.62736007877616,103.5558500097095,0
351.0,22.456684059252982,102.5705228070201,0
352.0,22.086390554948103,101.64160799894047,0
353.0,21.717398594773123,100.71217541218324,0
354.0,21.151134980157064,99.88795122013235,0
355.0,20.601079595805963,99.05282304185889,0
356.0,19.889920801635068,98.34979162757259,0
357.0,19.21880424468609,97.60843977656731,0
358.0,18.615185210066496,96.81116688662001,0
359.0,17.98911009514657,96.03140413393302,0
360.0,17.202910105754146,95.41343198514366,0
361.0,16.327702110984223,94.9296851857839,0
362.0,15.494507570489215,94.37670520631872,0
363.0,14.783629372602803,93.67339006516949,0
364.0,14.197705816163593,92.86302373688972,0
365.0,13.564810723140196,92.08878617565486,0
366.0,13.023397033429692,91.24802983961328,0
367.0,12.43467303502179,90.43969571705095,0
368.0,11.818977972674531,89.65171120565418,0
369.0,11.23506203488656,88.8398970781612,0
370.0,10.497086017673999,88.16507013885077,0
371.0,9.703167926687499,87.55704541500776,0
372.0,8.808310645978139,87.1106930349744,0
373.0,8.034949913902121,86.47672680710194,0
374.0,7.150833901418724,86.00945934999578,0
375.0,6.357953940177156,85.40008149754168,0
376.0,5.6578906435915535,84.68600070325178,0
377.0,5.012857328276932,83.92184625411585,0
378.0,4.434360632489368,83.10616152766643,0
379.0,3.704635286802082,82.4224211384385,0
380.0,2.8949333319845687,81.83557981033975,0
381.0,2.171019563276511,81.14568934405187,0
382.0,1.3201962169823447,80.62023750667684,0
383.0,0.5002830051154978,80.04774966837266,0
384.0,1.4023096729384497,79.61606935779987,0
385.0,2.3339158006211105,79.25259993286275,0
386.0,3.277819877097897,78.92238016602481,0
387.0,4.222464170269592,78.59428390061152,0
388.0,5.076128971478264,78.07346108316075,0
389.0,5.980544108709501,77.64680752399711,0
390.0,6.778742095584459,77.04441232668162,0
391.0,7.464626473624522,76.31670179359817,0
392.0,7.979726644529487,75.4595718069954,0
393.0,8.445874940633061,74.57486520815048,0
394.0,9.081916823843303,73.80321067223278,0
395.0,9.857273705138885,73.17168734991793,0
396.0,10.550343837126702,72.45081718674956,0
397.0,11.296142992199078,71.7846463225613,0
398.0,12.128091594090863,71.22979361795376,0
399.0,13.060193684159776,70.86759796131336,0
400.0,14.012590022641739,70.56273534562204,0
401.0,14.877482420669656,70.06077803684617,0
402.0,15.745320759043265,69.56393136185585,0
403.0,16.70215684558845,69.27330324297384,0
404.0,17.688088773258183,69.10615590078304,0
405.0,18.687974868231894,69.12124884874636,0
406.0,19.673371244599984,69.29152504038994,0
407.0,20.667681725424405,69.39804577885296,0
408.0,21.667499558889403,69.41713242039515,0
409.0,22.666178672783346,69.46851361804575,0
410.0,23.66390259754922,69.53594484189479,0
411.0,24.651421483852136,69.37844420953081,0
412.0,25.64813265699271,69.45948023446255,0
413.0,26.64022086912031,69.5850229736292,0
414.0,27.636766699058523,69.66806759315843,0
415.0,28.634639899894214,69.60288266350491,0
416.0,29.625231281467943,69.46602976893615,0
417.0,30.5641956037439,69.12201523218974,0
418.0,31.444979450962933,68.6484966850577,0
419.0,32.37388775071212,68.27818685443329,0
420.0,33.30380004346963,67.91040549577237,0
421.0,34.283748469364085,67.71115419066503,0
422.0,35.277950302551424,67.60362412562769,0
423.0,36.27541987167905,67.674718841777,0
424.0,37.274770603608836,67.63868948442229,0
425.0,38.25567388129123,67.44419331522623,0
426.0,39.22115969704322,67.18373767681209,0
427.0,40.21612330685161,67.08350088138714,0
428.0,41.20427200083832,66.93000117919739,0
429.0,42.203312333563964,66.88620148071168,0
430.0,43.196026897729716,67.0066912897961,0
431.0,44.149427887099776,67.30839736111085,0
432.0,45.09126366967414,67.64447080347506,0
433.0,45.96061817180209,68.1386597851712,0
434.0,46.81167998825065,68.66372529021154,0
435.0,47.74913525083606,69.01183106530142,0
436.0,48.732247345234065,69.1948354637414,0
437.0,49.71800960175057,69.36298056068888,0
438.0,50.64202955723705,69.74532480592184,0
439.0,51.568037512697266,70.12282880116479,0
440.0,52.48488952341366,70.522056042777,0
441.0,53.44447644264682,70.80346845266082,0
442.0,54.35105922454282,71.22549648439534,0
443.0,55.13031511073755,71.8522023674305,0
444.0,55.9548088073683,72.41807350489569,0
445.0,56.70867255516395,73.07510428785757,0
446.0,57.438395983282206,73.75884672361488,0
447.0,57.9933635690563,74.59071869618042,0
448.0,58.50020712503036,75.45275675205009,0
449.0,59.02751656282854,76.30243007563332,0
450.0,59.73088115570043,77.0132593445117,0
451.0,60.57361940570927,77.55158289217799,0
452.0,61.44835323654488,78.03618657065316,0
453.0,62.23490827771237,78.65370674620534,0
454.0,62.8764674874595,79.420780263144,0
455.0,63.448234800793,80.24119609636725,0
456.0,64.01207175099961,81.0670822226472,0
457.0,64.62950974121492,81.85370178014554,0
458.0,65.09670491165409,82.73785599334498,0
459.0,65.5400465589898,83.63420870502586,0
460.0,65.9682683693552,84.53788236355939,0
461.0,66.56719328549657,85.33868754887294,0
462.0,67.27843212438293,86.04163798386789,0
463.0,67.9985439014039,86.73549605912226,0
464.0,68.68760613319894,87.46019823292445,0
465.0,69.2149792134285,88.30983205655036,0
466.0,69.60698263543058,89.22979581515102,0
467.0,69.81624707971885,90.20765490129622,0
468.0,69.97662195814343,91.19471107921636,0
469.0,69.98574779247056,92.19466943792328,0
470.0,69.94471016774763,93.19382703978452,0
471.0,70.1310719682971,94.17630822499672,0
472.0,70.36622623092839,95.14826628621455,0
473.0,70.72965091054424,96.07988987020441,0
474.0,71.08227749591373,97.01565399181341,0
475.0,71.56156464114079,97.8933121441826,0
476.0,71.99361164739844,98.79516323188157,0
477.0,72.3309357328018,99.73655181339656,0
478.0,72.55832505939762,100.71035574343088,0
479.0,72.91666866431355,101.64394551459156,0
480.0,73.09444890534779,102.62801572849797,0
481.0,73.22507058028545,103.61944801465597,0
482.0,73.50981150118638,104.57805252537167,0
483.0,73.94471579867589,105.47852920581663,0
484.0,74.17977930630101,106.45050921969704,0
485.0,74.26217089156798,107.44710925314938,0
486.0,74.38580502342433,108.43943712307954,0
487.0,74.64754133519045,109.40457654466746,0
488.0,74.87732314032499,110.3778187149566,0
489.0,75.00595777386562,111.36951076950473,0
490.0,75.31706843697172,112.31988446195506,0
491.0,75.82705938312458,113.18006423086509,0
492.0,76.14745902580437,114.12734669611537,0
493.0,76.48070974030482,115.07018494379359,0
494.0,76.96604561706182,115.94451273514676,0
495.0,77.54475985469476,116.76004313382049,0
496.0,78.12219249277442,117.57648146491499,0
497.0,78.78427979478266,118.32590818215921,0
498.0,79.3677240210385,119.13806139113441,0
499.0,79.91497833944946,119.97502776499931,0
500.0,80.37721295086692,120.86178543426851,0
501.0,80.8366264728924,121.75000793780022,0
502.0,81.28209198120277,122.64530703916567,0
503.0,81.82850642865137,123.48282196537262,0
504.0,82.17255179336665,124.42177499242878,0
505.0,82.54638422513624,125.34927125277555,0
506.0,83.06477336350903,126.2044160950199,0
507.0,83.51947506327487,127.09505988702097,0
508.0,83.76490613743219,128.06447393057408,0
509.0,84.17272917385847,128.97753492030043,0
510.0,84.72432427706885,129.81164692843504,0
511.0,85.23033961441556,130.67417140830207,0
512.0,85.84055100610765,131.46641004498247,0
513.0,86.31557113691105,132.34638497379098,0
514.0,86.61203692627501,133.30142844700924,0
515.0,86.78589803395724,134.28619863097884,0
516.0,87.0598808251852,135.24793322540233,0
517.0,87.35782188208853,136.2025174943966,0
518.0,87.52189969357227,137.1889648937944,0
519.0,87.81808044819537,138.1440968012244,0
520.0,88.13978858881732,139.0909356852261,0
521.0,88.24577433241129,140.0853033346168,0
522.0,88.50393497743025,141.05140533821861,0
523.0,88.71810012456892,142.02820280430413,0
524.0,88.90074044594945,143.01138260119075,0
525.0,89.25080478436527,143.94810825951848,0
526.0,89.70327785836882,144.83988632456706,0
527.0,90.21827686747739,145.69707709715925,0
528.0,90.61530312254203,146.61488434968527,0
529.0,91.11049414843916,147.48366847009203,0
530.0,91.75530275582123,148.2480125417286,0
531.0,92.4990639818788,148.916457931131,0
532.0,93.07685605410433,149.73264193077407,0
533.0,92.55864184024658,148.87739107368253,0
534.0,92.04365441880708,148.02019333934166,0
535.0,91.37505272664197,147.27657261798302,0
536.0,90.57812714750595,146.67249512186294,0
537.0,89.76616785967056,146.08878105239242,0
538.0,88.94452977696707,145.518771525234,0
539.0,88.10595426710506,144.97398614156472,0
540.0,87.17245051492142,144.6154185124359,0
541.0,86.22616347200035,144.29209076478702,0
542.0,85.36519892826905,143.78342579210113,0
543.0,84.4744429060072,143.32894398960048,0
544.0,83.55563843085139,142.93423100978646,0
545.0,82.57222370811708,142.7528598899537,0
546.0,81.63982767140635,142.39142160929416,0
547.0,80.73573253075917,141.9640903833603,0
548.0,79.8126743327715,141.57943006161167,0
549.0,78.85242590489695,141.3002832243298,0
550.0,77.88688689838597,141.04002483943933,0
551.0,76.8984924382073,140.88811568537642,0
552.0,75.90340593416667,140.7891063450281,0
553.0,74.90926802583694,140.8972258123861,0
554.0,73.91319501242474,140.98576140947532,0
555.0,72.91679294578202,140.9010092909759,0
556.0,71.91681479052882,140.90761905771998,0
557.0,70.92182563842465,141.00760199223902,0
558.0,69.9411175902629,141.20308018608884,0
559.0,69.00978804109285,141.56725771263694,0
560.0,68.06785877333076,141.90306905034484,0
561.0,67.13303667905141,142.2581854425984,0
562.0,66.14163781565183,142.38906054966628,0
563.0,65.14621384547728,142.29350365770176,0
564.0,64.16139091202682,142.1199415945946,0
565.0,63.22383807553765,141.77209870076015,0
566.0,62.26696613839593,141.48158863912604,0
567.0,61.31140897777371,141.18678274911773,0
568.0,60.35261955487517,140.90266509296472,0
569.0,59.376152816295104,140.68699704144385,0
570.0,58.41743438517352,140.40263992472654,0
571.0,57.45072597256605,140.14675939597544,0
572.0,56.537544336858915,139.73920657705838,0
573.0,55.64014836094259,139.29798048715753,0
574.0,54.69424491357497,138.9735322351079,0
575.0,53.793801909823486,138.53855821634932,0
576.0,52.941493149417276,138.0155192341168,0
577.0,52.051370322532925,137.55979853779127,0
578.0,51.15814305446552,137.1101931023472,0
579.0,50.38770789252865,136.4726747408459,0
580.0,49.53738729408471,135.94640971268808,0
581.0,48.61796817328383,135.55313057479015,0
582.0,47.6773525645184,135.2136570462981,0
583.0,46.79495889135741,134.74314519143633,0
584.0,45.99970506225001,134.13686856539007,0
585.0,45.22127680466023,133.50913498513032,0
586.0,44.5513860046466,132.7666753457848,0
587.0,43.72355162110857,132.2057027676384,0
588.0,42.82422590485973,131.7684233877295,0
589.0,41.895076084998585,131.39871997653074,0
590.0,41.017106731202624,130.9200031355954,0
591.0,40.18330469249265,130.36793958830842,0
592.0,39.25300264084007,130.00114524171755,0
593.0,38.378660818309264,129.51583464284965,0
594.0,37.54304869917523,128.96651471206584,0
595.0,36.60601079306479,128.6172870463345,0
596.0,35.66162225808685,128.28845533405263,0
597.0,34.71961358220601,127.95286681433656,0
598.0,33.74781007604103,127.71707464863667,0
599.0,32.85502924004926,127.26658338469713,0
600.0,31.90690506426139,126.94868316876992,0
601.0,30.912640548417013,126.84173424389105,0
602.0,29.930815676567548,126.65194509505008,0
603.0,29.02205260190629,126.23463265318881,0
604.0,28.21912019109318,125.63856257034129,0
605.0,27.515116485778723,124.92836627148898,0
606.0,26.737532395609442,124.29958730975791,0
607.0,26.034339241528713,123.58858844333547,0
608.0,25.38324430450421,122.82959214362047,0
609.0,24.901110232180805,121.9534946968117,0
610.0,24.358438884382448,121.11354957462888,0
611.0,23.891928525785378,120.22903383970856,0
612.0,23.233201655425958,119.47665168264575,0
613.0,22.484484262173996,118.81376235172996,0
614.0,21.659899802719238,118.248023481556,0
615.0,20.758959417122515,117.8140806032865,0
616.0,19.93302048307455,117.2503210115954,0
617.0,19.046575457308407,116.78748711450655,0
618.0,18.12173740259965,116.40712600639674,0
619.0,17.192021403837376,116.03884871732576,0
620.0,16.31687308568725,115.55499396511287,0
621.0,15.366504258366252,115.24386844051466,0
622.0,14.482053512053945,114.77723488262625,0
623.0,13.59185210990809,114.32166769370944,0
624.0,12.676085456403161,113.91995705615004,0
625.0,11.859781851682094,113.34233397409793,0
626.0,11.149073067004078,112.6388476392047,0
627.0,10.326612029866604,112.07002618884374,0
628.0,9.520254380387415,111.47859796739468,0
629.0,8.779351290650716,110.80698601721912,0
630.0,8.110186402917082,110.06387206026203,0
631.0,7.575444679329676,109.2188565047515,0
632.0,7.187461214365397,108.29719017092222,0
633.0,6.792851430429765,107.37834137029054,0
634.0,6.462759725943005,106.43439250163874,0
635.0,5.95042262141034,105.57560807506879,0
636.0,5.262058684326164,104.85024258779912,0
637.0,4.604500845974785,104.09683852010193,0
638.0,4.072922430390221,103.24982943627543,0
639.0,3.3891138480682255,102.52016799235587,0
640.0,2.7586954857871486,101.74391243617681,0
641.0,2.025267859641883,101.06414488972662,0
642.0,1.3944514981987366,100.28821272894474,0
643.0,0.9591170771253152,99.38794391251896,0
644.0,0.6735836378124982,98.42957516561921,0
645.0,0.4162862488554439,97.46324289686488,0
646.0,0.04479322317010809,96.53480715225616,0
647.0,1.0411818353791649,96.44989700292106,0
648.0,2.011814990758231,96.20933250496078,0
649.0,2.9746669996718667,95.93930286041972,0
650.0,3.9294590749952443,95.6420284200457,0
651.0,4.927415768097643,95.57813445560363,0
652.0,5.925052345785114,95.50942303835707,0
653.0,6.912120921390642,95.34912448236834,0
654.0,7.911183036233962,95.3058244744608,0
655.0,8.910177985678992,95.35064735905475,0
656.0,9.898678551705798,95.19943019414056,0
657.0,10.897487995513423,95.24821231136298,0
658.0,11.87154226958836,95.47452685167436,0
659.0,12.867637578189775,95.56281125676524,0
660.0,13.8597431090942,95.43740545327573,0
661.0,14.859682625109873,95.42640707565249,0
662.0,15.856754421234992,95.34993594795172,0
663.0,16.850052921185444,95.23435874433362,0
664.0,17.847558355052595,95.16376901841329,0
665.0,18.84388795418954,95.24936884249963,0
666.0,19.836638959480283,95.12917965207794,0
667.0,20.831213044825635,95.0251489414226,0
668.0,21.817413634357308,94.8595941251007,0
669.0,22.811270276049235,94.74891903411432,0
670.0,23.786347678992673,94.52705407908745,0
671.0,24.7073736558923,94.1375529239209,0
672.0,25.565807131362277,93.62462800915019,0
673.0,26.51340277618905,93.30515579767423,0
674.0,27.449517623810404,92.95346133928336,0
675.0,28.404883509051906,92.65803617901985,0
676.0,29.38625319169093,92.46590719631035,0
677.0,30.37188443501193,92.29699582253848,0
678.0,31.368275179133477,92.21211069410653,0
679.0,32.35895798461157,92.34830019050789,0
680.0,33.33518293902918,92.56506005388748,0
681.0,34.270112700581436,92.91989288912661,0
682.0,35.2508789946029,93.11507863786714,0
683.0,36.21543600943845,93.37895316322253,0
684.0,37.14852446427749,93.73860012267872,0
685.0,37.97703424058859,94.29857472081416,0
686.0,38.89415800215975,94.69717728724036,0
687.0,39.82685276070855,95.05784401342342,0
688.0,40.73175724377872,95.48345871772709,0
689.0,41.55074894652185,96.05726407744231,0
690.0,42.39273343617498,96.59676580976905,0
691.0,43.20053166398576,97.18622490346917,0
692.0,43.86400451620587,97.93442526057073,0
693.0,44.348595030906026,98.80916638402535,0
694.0,44.63961707670078,99.76588273115308,0
695.0,45.026712016638356,100.68792259334708,0
696.0,45.38543833354438,101.62136537657433,0
697.0,45.71075517846908,102.56697044763108,0
698.0,46.003931266447964,103.52302890893844,0
699.0,46.16425645985723,104.51009315829523,0
700.0,46.48867064664063,105.45600828948496,0
701.0,46.641995704776186,106.4441840969948,0
702.0,46.78466147880765,107.43395501843067,0
703.0,46.98035343735455,108.41462043403381,0
704.0,47.271796515653065,109.37120860671413,0
705.0,47.627227053684514,110.30591130417181,0
706.0,48.02471797830045,111.22351740967022,0
707.0,48.1985918063321,112.20828534777829,0
708.0,48.224643429018286,113.20794594665944,0
709.0,48.370125964954504,114.19730676645047,0
710.0,48.71282184969966,115.13675316224894,0
711.0,49.090912545363615,116.06252172179951,0
712.0,49.56610247691509,116.94240496914094,0
713.0,50.19546332288753,117.71951816910402,0
714.0,50.86578386583299,118.46158984334129,0
715.0,51.54175191588971,119.19852077314577,0
716.0,52.19576377464583,119.95500506816211,0
717.0,52.65388548588279,120.84389454255886,0
718.0,53.212865799128174,121.67307546938008,0
719.0,53.82802039225328,122.46148198036099,0
720.0,54.58667071577224,123.11298001307065,0
721.0,55.43674192966694,123.63964777485944,0
722.0,56.28680871121776,124.1663226906318,0
723.0,57.05339090946701,124.8084688837431,0
724.0,57.78836451437855,125.48656459976212,0
725.0,58.64548062764024,126.00168785529148,0
726.0,59.560895497232785,126.40419949056289,0
727.0,60.48429091244512,126.78804960084663,0
728.0,61.47266272620339,126.94010603039892,0
729.0,62.460029171198975,127.09855950400166,0
730.0,63.423046358694364,127.36799947243335,0
731.0,64.41439234711439,127.49927449383321,0
732.0,65.40885481896802,127.60436679647599,0
733.0,66.40620914292514,127.53167324460193,0
734.0,67.39811346987707,127.65866066986139,0
735.0,68.3932738943988,127.75692424126875,0
736.0,69.36158982713168,128.00665260252484,0
737.0,70.35476381579461,128.12329491150126,0
738.0,71.35367389018012,128.16997106484683,0
739.0,72.32830742560178,128.3937778378263,0
740.0,73.25453859786583,128.7707338240188,0
741.0,74.15419145309954,129.2073397562619,0
742.0,74.94539467309401,129.81889307746158,0
743.0,75.62177703896009,130.5554437513092,0
744.0,76.45345407655418,131.11070342492033,0
745.0,77.36978833086097,131.51111762844465,0
746.0,78.23625669274269,132.01034961646027,0
747.0,79.0645217658577,132.57068609453196,0
748.0,79.86373600442636,133.17173234971466,0
749.0,80.76602811017261,133.60285757039654,0
750.0,81.62060256425517,134.12218646659767,0
751.0,82.47537379130198,134.6411914274727,0
752.0,83.18954113613407,135.34116642958026,0
753.0,84.04826034632583,135.85361283462925,0
754.0,84.99048697789938,136.18858891549706,0
755.0,85.90274138459897,136.59821300836413,0
756.0,86.8837644654708,136.792103995253,0
757.0,87.88269979016837,136.74597139212491,0
758.0,88.88247344249629,136.76724682657152,0
759.0,89.86221689627577,136.5669900794286,0
760.0,90.85192234220077,136.423870792446,0
761.0,91.8175053319849,136.16377563709025,0
762.0,92.7110532935094,135.71480788718452,0
763.0,93.56573395236894,135.1956537950583,0
764.0,94.48117390771142,134.7931992160527,0
765.0,95.40256005330947,134.4045508265025,0
766.0,96.35113938114006,134.08801132057556,0
767.0,97.3326658572585,133.89668495888301,0
768.0,98.29752647402289,133.63392272754632,0
769.0,99.26639149458856,133.386333204496,0
770.0,100.26568461905896,133.3487399685858,0
771.0,101.24996514878335,133.5253520825686,0
772.0,102.24557786898065,133.61892190345833,0
773.0,103.19804216702427,133.92357213068996,0
774.0,104.16683598915728,134.17144009997384,0
775.0,105.1658541612971,134.21574237682736,0
776.0,106.16410388785133,134.2748819019729,0
777.0,107.13428904337988,134.51724684166516,0
778.0,108.05435485457498,134.90901067750238,0
779.0,108.98790818271304,135.26744921271077,0
780.0,109.90853230422634,135.65789924394122,0
781.0,110.88806296041705,135.85919428506892,0
782.0,111.88297412335463,135.95995031646245,0
783.0,112.85061481276901,136.21228243132234,0
784.0,113.84367956187837,136.32985115197684,0
785.0,114.83973742025015,136.41855708625326,0
786.0,115.822478477347,136.60354361196835,0
787.0,116.76367727365931,136.9413968727492,0
788.0,117.75073423968547,137.1017669005575,0
789.0,118.74787356116424,137.1773524385979,0
790.0,119.73672083224523,137.3262855594129,0
791.0,120.68644612000963,137.63937001731654,0
792.0,121.5350671441988,138.16837130021113,0
793.0,122.41855406727247,138.6368271217758,0
794.0,123.29857322504103,139.1117653092911,0
795.0,124.17174209204748,139.59918312768784,0
796.0,125.01656141457933,140.13423481890732,0
797.0,125.82762971102306,140.7191862857008,0
798.0,126.53757159266077,141.42344655342623,0
799.0,127.3917606782614,141.9434090578828,0
800.0,128.25571168977348,142.44698492079453,0
801.0,129.1599670115142,142.8739770906333,0
802.0,130.1182344119112,143.15985047053493,0
803.0,131.05856151872334,143.50012232096384,0
804.0,131.90928776737894,144.02573134851986,0
805.0,132.77963719093242,144.51816599486406,0
806.0,133.65112998585525,145.00857430270315,0
807.0,134.56449588423925,145.4157140031368,0
808.0,135.36879274802936,146.00994169930837,0
809.0,136.29040019892977,146.39806501276024,0
810.0,137.27629786507512,146.56541432375113,0
811.0,138.25715504137457,146.760142851969,0
812.0,139.22078435897177,147.02738532289592,0
813.0,140.19743658722317,147.242211822778,0
814.0,141.16020668106646,147.512533383888,0
815.0,142.15745535628756,147.58666218915147,0
816.0,143.11697453747587,147.86830547583108,0
817.0,144.00053933355363,148.33661440285687,0
818.0,144.92157613191543,148.72608996828228,0
819.0,145.87899023191923,149.01480824119537,0
820.0,146.87397567963103,149.11482803344538,0
821.0,147.85644488163044,149.30125299723144,0
822.0,148.85570624477,149.33968121780487,0
823.0,149.8425928518129,149.17826614775444,0
824.0,148.84389356865668,149.12727848431243,0
825.0,147.8461797750757,149.19485944389623,0
826.0,146.85524738373542,149.06049800674785,0
827.0,145.8557035935898,149.03029516613117,0
828.0,144.86152576889003,148.92254335466043,0
829.0,143.90080946075418,148.64501105873472,0
830.0,142.9582195062531,148.3110587003456,0
831.0,142.02923035387073,147.94095174991654,0
832.0,141.15850577122896,147.44918076542953,0
833.0,140.20057341553206,147.1621866855098,0
834.0,139.2734761018233,146.78736596714703,0
835.0,138.31746224994507,146.49404444557564,0
836.0,137.3966334608289,146.10407734294407,0
837.0,136.42328414551494,145.87474982523662,0
838.0,135.4430646164493,145.6768365239192,0
839.0,134.46514341692114,145.46786253627153,0
840.0,133.55428964995048,145.0551333088168,0
841.0,132.70326450111625,144.53000837506133,0
842.0,131.88238863706061,143.95890171618674,0
843.0,131.08624090267364,143.35379942315646,0
844.0,130.1916762489411,142.90686085881862,0
845.0,129.4238566812215,142.26619471219706,0
846.0,128.68060163581657,141.59718653774766,0
847.0,127.92708167574726,140.93976150797076,0
848.0,127.20462211329782,140.24834833147978,0
849.0,126.45952458567854,139.58139280497474,0
850.0,125.87697004564089,138.76860119091765,0
851.0,125.46567622501261,137.85709836968616,0
852.0,125.22152631856842,136.8873608674809,0
853.0,124.91622118522999,135.9351062925078,0
854.0,124.54370669036396,135.00707991835958,0
855.0,124.17017822578914,134.0794612002688,0
856.0,123.71148764261329,133.1908651453002,0
857.0,123.4028137208604,132.23969722635545,0
858.0,123.3217460870182,131.24298862363185,0
859.0,123.42401642860533,130.24823198141644,0
860.0,123.28982828630339,129.2572761082992,0
861.0,123.09147348144981,128.27714582543294,0
862.0,123.05154099413426,127.27794344530326,0
863.0,122.81844477127764,126.30548976985648,0
864.0,122.59011512493342,125.3319058892379,0
865.0,122.52387661271949,124.33410207109543,0
866.0,122.4516234480887,123.33671574664496,0
867.0,122.17006209427059,122.37717251987708,0
868.0,121.98136545955742,121.39513709279315,0
869.0,121.65042429472102,120.45148570302216,0
870.0,121.30760113889663,119.51208574356367,0
871.0,120.89079337858706,118.60309108409326,0
872.0,120.43878166327401,117.71107908349028,0
873.0,120.00399181696258,116.81054713539267,0
874.0,119.71366110705736,115.85362076472148,0
875.0,119.49204107484724,114.87848766543546,0
876.0,119.43403641729599,113.88017135298617,0
877.0,119.48359634825414,112.88140020139866,0
878.0,119.71508078834788,111.90856159505407,0
879.0,120.1670497813072,111.01652794692002,0
880.0,120.66649665147519,110.15018342891382,0
881.0,121.10925670862427,109.25354329385776,0
882.0,121.54681870529889,108.35435504934712,0
883.0,121.85419185749176,107.40276598608976,0
884.0,122.36396424254907,106.54245667227701,0
885.0,122.997917321961,105.76908516187329,0
886.0,123.67954577338976,105.03738668968491,0
887.0,124.47352063986257,104.42943610665246,0
888.0,125.23898866882736,103.78596217817302,0
889.0,125.96354411757946,103.09674566525153,0
890.0,126.54693530368613,102.28455435529244,0
891.0,127.08022191468787,101.43861972984774,0
892.0,127.50888296624532,100.53515434430292,0
893.0,127.85865742081711,99.59832040441336,0
894.0,128.07633126602946,98.62229883850895,0
895.0,128.1025445541739,97.62264246578648,0
896.0,128.21033446772515,96.62846877143694,0
897.0,128.39083637214836,95.64489413649581,0
898.0,128.37306767592398,94.64505201224094,0
899.0,128.3424721418755,93.64552016517638,0
900.0,128.22754583506895,92.65214614497864,0
901.0,128.34741912162977,91.65935694521411,0
902.0,128.5885871125362,90.68887356041962,0
903.0,129.04077458858973,89.79695064530848,0
904.0,129.63691227545888,88.99406842586761,0
905.0,130.38240000795645,88.32754907828974,0
906.0,131.180159864468,87.7245737791782,0
907.0,131.99036966286778,87.13843379369946,0
908.0,132.78898913652733,86.53659749013202,0
909.0,133.42922297559448,85.76841741273263,0
910.0,134.20349450411396,85.1355638750763,0
911.0,135.1039386946426,84.70059231308265,0
912.0,135.96409595596907,84.19056340626723,0
913.0,136.77084943006147,83.59967523407234,0
914.0,137.56396509060937,82.99060417993032,0
915.0,138.20869772617567,82.22619602414196,0
916.0,138.81327098276495,81.42964647928173,0
917.0,139.49775472693375,80.70061835638887,0
918.0,140.19911855136354,79.98781488713439,0
919.0,140.99873908788038,79.38730926885881,0
920.0,141.65729514680342,78.63477759693014,0
921.0,142.4295217125368,77.99943034449598,0
922.0,143.12182780428537,77.27782638432959,0
923.0,143.6828174275367,76.45000355146959,0
924.0,144.1829588987792,75.58405984155343,0
925.0,144.75272625859245,74.76225380866524,0
926.0,145.26782976775502,73.90512582822801,0
927.0,145.5721622638089,72.95255996077022,0
928.0,145.72874413406555,71.96489497814355,0
929.0,146.05128495621102,71.01833942348776,0
930.0,146.5836389042119,70.17181755487015,0
931.0,146.9302797222543,69.23381961070028,0
932.0,147.14961551570283,68.25817018098061,0
933.0,147.15334424766513,67.2581771327258,0
934.0,147.173675750472,66.25838383909276,0
935.0,147.16531328073228,65.25841880515415,0
936.0,147.08418174713358,64.26171540180091,0
937.0,146.98917222095835,63.26623903847732,0
938.0,146.68431170440059,62.31384202806405,0
939.0,146.201354048063,61.43819832073504,0
940.0,145.9084443213412,60.482058220126476,0
941.0,145.497086317054,59.570584362954,0
942.0,145.23956677423726,58.60431127263871,0
943.0,145.05032672307706,57.62238041812965,0
944.0,144.84836986689842,56.64298599898972,0
945.0,144.64733436110407,55.66340204372605,0
946.0,144.41071280351025,54.6918001507257,0
947.0,144.36099365670952,53.69303691229458,0
948.0,144.52817631008637,52.7071109716632,0
949.0,144.70664633436218,51.72316562235004,0
950.0,145.0523158941314,50.78480931718182,0
951.0,145.2601938007697,49.80665453600878,0
952.0,145.4890451969711,48.83319316622738,0
953.0,145.92633745721952,47.93387371290346,0
954.0,146.34974073263453,47.02793239782404,0
955.0,146.91579292166657,46.20356299076671,0
956.0,147.49157079760434,45.38595682788596,0
957.0,148.17155159130766,44.65272690474138,0
958.0,148.80107348883408,43.87574416327622,0
959.0,149.49266559164843,43.15345588057683,0
960.0,148.54486621598429,43.47232316251507,0
961.0,147.60348184713513,43.80965900420178,0
962.0,146.64475019265396,44.09397153416798,0
963.0,145.64633725672115,44.15028857743251,0
964.0,144.64696945795842,44.114735760439615,0
965.0,143.65405820895447,44.23359387586059,0
966.0,142.65472665933103,44.197036333175014,0
967.0,141.65490108066967,44.178359817052566,0
968.0,140.67992772861385,43.95603806197442,0
969.0,139.76453072384996,43.55348579993968,0
970.0,138.95944713979873,42.96032441996691,0
971.0,138.26298849372014,42.24272748971819,0
972.0,137.74054957102825,41.39005077955393,0
973.0,137.3057268106435,40.48953472358859,0
974.0,136.98032029649764,39.54396050622042,0
975.0,136.63123799888868,38.60686843523911,0
976.0,136.50830123694885,37.61445392881362,0
977.0,136.6094217400838,36.619579743880806,0
978.0,136.51473326195472,35.62407279156475,0
979.0,136.194249148498,34.67681890108878,0
980.0,135.87042460877504,33.73070174794483,0
981.0,135.52125127397136,32.79364359486036,0
982.0,135.0521422205709,31.910503347777432,0
983.0,134.76495405526484,30.952629160992892,0
984.0,134.62909624314554,29.96190081533695,0
985.0,134.42751046165213,28.982429951707154,0
986.0,134.2338023668017,28.00137074147088,0
987.0,133.8186310353698,27.09162749991475,0
988.0,133.54639723887442,26.129396363417026,0
989.0,133.42362301544787,25.136961735815788,0
990.0,133.08222465828953,24.197043036283965,0
991.0,132.84467820368366,23.225666856884768,0
992.0,132.81686244874118,22.226053789854838,0
993.0,132.9886150062944,21.240913668362506,0
994.0,133.0316811223004,20.24184144392017,0
995.0,133.1713464322294,19.251642675388094,0
996.0,133.10677958500185,18.253729291251428,0
997.0,132.96405733147634,17.263966512425814,0
998.0,132.7768556172701,16.281645018108275,0
999.0,132.66163180391396,15.288305462449854,0
